000001110001001001000111101100101010010110111000110001000101011100100110001111011101001001100100000100110101010010001000011011001010001110010000001001100111010000010000100001010011111000011000010101001111000111111001001101010010001110101000101000001011000110111100000101111100001000010100011100000100110010000000100100000110110110111011000011100001000000110110100110010110
111110110001001111000111101100011001010111110001110001001001011100110000000011010111011001100100010000110100000110011000110001001000110011011011111100100001010011010001111001000010110010101110110101000001100010001110000011010000110100000011001000001011110100001110110000010000111011111110101110111010110010010101100100000000000000010000011110101100011011011010111110000000
011001101100111111000100000110101111010111001000110001011010000000100110001111011100101001100100001010000100011010011010011011001011110011011111100001101101010010010011011001000100000010001110110101000001100010011010001101010010010000101100011101101011110000011110100011000001111101010101000110100000110010010101110000000110000101000011001010010110001101010110110100011001
111110110011000101100111101100101111010010111000110011110000000100100110000111011001101000100100000000111100000110001010011011001011110100011111111100100111010011010011111001000011110010001111100100000001100010011010001000110001011110101110011101101011010000000000101001000001111101010000000110001011011000011001100100000110000000010011100011101100101101010110010110000110
111110100001111111000111101100100111010101010000110001011101011110100110001111011101101001100100100000111100000111000010011011001011110011011111111111100111010011000011111001001001110010001110110101000000100010010110001000010010011110101110001000110110100000001110101001111001111101010101000110101010110010010101100100000110000010110011001011101100101101010110111100010111
011110110001111111000111101100101111010110111000110001001101011100100110001111011101101001100100000000111100000110010111001101001011110011011111111101100111010011010011101100000010110010001110110101000001100010011010001101010010011110101110011100000001010000001110101001111001111101010101000000000010110010011000100100000000110111010011001011101100101101010110100110010100
011110110001111111000111101100101111010010111000110001011101011100100110000111011101101001100100000000111100000110011010011011001011110011011111111101100111010011010011111001000011110100001110110101000001100010011111011101010010011110101110011101101011110000001110101001111001111101010100010010101010100010010101100100000100000000010011001001101100101101010110111110010111
111110110001111111000111101100101111010110111000110001011101011100100110000011011101101001100100000000111100000110011010011011001011110011011111111101100111010011010011111001000011110010001110110101000001100010011010001101010010011110101110010001101011110000001110101001111001111101010101000110101010110010011000100100000110000000010011001011101100101101010110111110010111
111110110001111111000111101100101111010110111000010001011101011100100110001111011101101001100100000000111100000110011010011011001011110011011111111101100111010011010011111001000011110010001110110101000001100010011010001101010010011110101110011101101011110000001110101001111001111101010101000110101010110010010101100100000110000000010011001011101100101101010110111110010111
111110110001111111000111101100101111010110111000110001011101011100100110001111011101101001100100000000111100000110011010011011001011110011011111111101100111010011010011111001000011110010001110110101000001100010001010001101010010011110101110011101101011110000001110101001111001111101010101000110101010110010010101100100000110000000010011001011101100101101010110111110010111
111110110001111111000111101100101111010110111000110001011101011100100110001111011101101001100100000000111100000110011010011011001011110011011111111101100111010011010011111001000011110010001110110101000001100010011010001101010010011110101110011101101011110000001110101001111001111101010101000110101010110010010101100100000110000000010011001011101100101101010110111110010111
111110110001111111000111101100101111010110111000110001011101011100100110001111011101101001100100000000111100000110011010011011001011110011011111111101100111010011010011111001000011110010001110110101000001100010011010001101010010011110101110011101101011110000001110101001111001111101010101000110101010110010010101100100000110000000010011001011101100101101010110111110010111
111110110001111111000111101100101111010110111000110001011101011100100110001111011101101001100100000000111100000110011010011011001011110011011111111101100111010011010011111001000011110010001110110101000001100010011010001101010010011110101110011101101011110000001110101001111001111101010101000110101010110010010101100100000110000000010011001011101100101101010110111110010111
111110110001111111000111101100101111010110111000110001011101011100100110001111011101101001100100000000111100000110011010011011001011110011011111111101100111010011010011111001000011110010001110110101000001100010011010001101010010011110101110011101101011110000001110101001111001111101010101000110101010110010010101100100000110000000010011001011101100101101010110111110010111
111110110001111111000111101100101111010110111000110001011101011100100110001111011101101001100100000000111100000110011010011011001011110011011111111101100111010011010011111001000011110010001110110101000001100010011010001101010010011110101110011101101011110000001110101001111001111101010101000110101010110010010101100100000110000000010011001011101100101101010110111110010111
111110110001111111000111101100101111010110111000110001011101011100100110001111011101101001100100000000111100000110011010011011001011110011011111111101100111010011010011111001000011110010001110110101000001100010011010001101010010011110101110011101101011110000001110101001111001111101010101000110101010110010010101100100000110000000010011001011101100101101010110111110010111
000001110001001001000111101100101010010110111000110001000101011100100110001111011101001001100100000100110101010010001000011011001010001110010000001001100111010000010000100001010011111000011000010101001111000111111001001101010010001110101000101000001011000110111100000101111100001000010100011100000100110010000000100100000110110110111011000011100001000000110110100110010110
111110110001001111000111101100011001010111110001110001001001011100110000000011010111011001100100010000110100000110011000110001001000110011011011111100100001010011010001111001000010110010101110110101000001100010001110000011010000110100000011001000001011110100001110110000010000111011111110101110111010110010010101100100000000000000010000011110101100011011011010111110000000
011001101100111111000100000110101111010111001000110001011010000000100110001111011100101001100100001010000100011010011010011011001011110011011111100001101101010010010011011001000100000010001110110101000001100010011010001101010010010000101100011101101011110000011110100011000001111101010101000110100000110010010101110000000110000101000011001010010110001101010110110100011001
111110110011000101100111101100101111010010111000110011110000000100100110000111011001101000100100000000111100000110001010011011001011110100011111111100100111010011010011111001000011110010001111100100000001100010011010001000110001011110101110011101101011010000000000101001000001111101010000000110001011011000011001100100000110000000010011100011101100101101010110010110000110
111110100001111111000111101100100111010101010000110001011101011110100110001111011101101001100100100000111100000111000010011011001011110011011111111111100111010011000011111001001001110010001110110101000000100010010110001000010010011110101110001000110110100000001110101001111001111101010101000110101010110010010101100100000110000010110011001011101100101101010110111100010111
011110110001111111000111101100101111010110111000110001001101011100100110001111011101101001100100000000111100000110010111001101001011110011011111111101100111010011010011101100000010110010001110110101000001100010011010001101010010011110101110011100000001010000001110101001111001111101010101000000000010110010011000100100000000110111010011001011101100101101010110100110010100
011110110001111111000111101100101111010010111000110001011101011100100110000111011101101001100100000000111100000110011010011011001011110011011111111101100111010011010011111001000011110100001110110101000001100010011111011101010010011110101110011101101011110000001110101001111001111101010100010010101010100010010101100100000100000000010011001001101100101101010110111110010111
111110110001111111000111101100101111010110111000110001011101011100100110000011011101101001100100000000111100000110011010011011001011110011011111111101100111010011010011111001000011110010001110110101000001100010011010001101010010011110101110010001101011110000001110101001111001111101010101000110101010110010011000100100000110000000010011001011101100101101010110111110010111
111110110001111111000111101100101111010110111000010001011101011100100110001111011101101001100100000000111100000110011010011011001011110011011111111101100111010011010011111001000011110010001110110101000001100010011010001101010010011110101110011101101011110000001110101001111001111101010101000110101010110010010101100100000110000000010011001011101100101101010110111110010111
111110110001111111000111101100101111010110111000110001011101011100100110001111011101101001100100000000111100000110011010011011001011110011011111111101100111010011010011111001000011110010001110110101000001100010001010001101010010011110101110011101101011110000001110101001111001111101010101000110101010110010010101100100000110000000010011001011101100101101010110111110010111
111110110001111111000111101100101111010110111000110001011101011100100110001111011101101001100100000000111100000110011010011011001011110011011111111101100111010011010011111001000011110010001110110101000001100010011010001101010010011110101110011101101011110000001110101001111001111101010101000110101010110010010101100100000110000000010011001011101100101101010110111110010111
111110110001111111000111101100101111010110111000110001011101011100100110001111011101101001100100000000111100000110011010011011001011110011011111111101100111010011010011111001000011110010001110110101000001100010011010001101010010011110101110011101101011110000001110101001111001111101010101000110101010110010010101100100000110000000010011001011101100101101010110111110010111
111110110001111111000111101100101111010110111000110001011101011100100110001111011101101001100100000000111100000110011010011011001011110011011111111101100111010011010011111001000011110010001110110101000001100010011010001101010010011110101110011101101011110000001110101001111001111101010101000110101010110010010101100100000110000000010011001011101100101101010110111110010111
111110110001111111000111101100101111010110111000110001011101011100100110001111011101101001100100000000111100000110011010011011001011110011011111111101100111010011010011111001000011110010001110110101000001100010011010001101010010011110101110011101101011110000001110101001111001111101010101000110101010110010010101100100000110000000010011001011101100101101010110111110010111
111110110001111111000111101100101111010110111000110001011101011100100110001111011101101001100100000000111100000110011010011011001011110011011111111101100111010011010011111001000011110010001110110101000001100010011010001101010010011110101110011101101011110000001110101001111001111101010101000110101010110010010101100100000110000000010011001011101100101101010110111110010111
111110110001111111000111101100101111010110111000110001011101011100100110001111011101101001100100000000111100000110011010011011001011110011011111111101100111010011010011111001000011110010001110110101000001100010011010001101010010011110101110011101101011110000001110101001111001111101010101000110101010110010010101100100000110000000010011001011101100101101010110111110010111
111100011000111111000111101100101111010110111000110001011101011000100110001111001101101001100100000000111100000110011010011000011100100011011111111101100111010001010011111001000000110010000010110101000001000010011010001101010000101110101110010101101011110000001110101001111001011101010101000110101010110010010101100100000110000000010011001011101100101101010101101000010111
111110110001111111000110101100101111010100011000110001011101011100010000101111011101101001110010100000111100000110011010011011001000110011011111111110100111110011010011111001000011110010001100010101000001100010011010001101010010011110101110010111110011110000001110101001111001001101010101000110101010110010010101100010000110000000010011001011101000101101010110110101000111
111110110001111111000011101100101111000110111000110001011101011100100110001110001101101001100100000001101100000110001010011011001011110011011111111101100111010011010011111001000011110010001110100001000001100010011010001101010010011110101110011101101011110000001110101001111001111101010101000110101010110010010101100100000110000000010011001011101100101101010110111110010111
111110110001111111000111101100101111010110101000110001011101011100100110001111011101101001100100000000111100000110010010011011001011110011011111111101100111010010100011111001000011110010001110110101000001100010011100001101010010010100101110011101101011110000001110101001111001111101010101000110101010110010010101100100000110000000010011001011101100101101010110111110010111
111110110001111111000111101100101111010110111000110100011101011100100110001111011101101001100100000000111100000110011010011011001011110011011111111101100111010011010011111001000011110010001110110101000001100010011010001101010010011110101110011101101011110000001110101001111001111101010101000110101010110010010101100100000110000000010011001011101100101101010110111110010111
111110110001111111000111101100101111010110111000110001011101011100100110001111011101101001100100000000111100000110010010011011001011110011011111111101100111010011010011111001000011110010001110110101000001100010011010001101010010011110101110011101101011110000001110101001111001111101010101000110101010110010010101100100000110000000010011001011101100101101010110111110010111
111110110001111111000111101100101111010110111000110001011101011100100110001111011101101001100100000000111100000110011010011011001011110011011111111101100111010011010011111001000011110010001110110101000001100010011010001101010010011110101110011101101011110000001110101001111001111101010101000110101010110010010101100100000110000000010011001011101100101101010110111110010111
111110110001111111000111101100101111010110111000110001011101011100100110001111011101101001100100000000111100000110011010011011001011110011011111111101100111010011010011111001000011110010001110110101000001100010011010001101010010011110101110011101101011110000001110101001111001111101010101000110101010110010010101100100000110000000010011001011101100101101010110111110010111
111110110001111111000111101100101111010110111000110001011101011100100110001111011101101001100100000000111100000110011010011011001011110011011111111101100111010011010011111001000011110010001110110101000001100010011010001101010010011110101110011101101011110000001110101001111001111101010101000110101010110010010101100100000110000000010011001011101100101101010110111110010111
111110110001111111000111101100101111010110111000110001011101011100100110001111011101101001100100000000111100000110011010011011001011110011011111111101100111010011010011111001000011110010001110110101000001100010011010001101010010011110101110011101101011110000001110101001111001111101010101000110101010110010010101100100000110000000010011001011101100101101010110111110010111
111110110001111111000111101100101111010110111000110001011101011100100110001111011101101001100100000000111100000110011010011011001011110011011111111101100111010011010011111001000011110010001110110101000001100010011010001101010010011110101110011101101011110000001110101001111001111101010101000110101010110010010101100100000110000000010011001011101100101101010110111110010111
111110110001111111000111101100101111010110111000110001011101011100100110001111011101101001100100000000111100000110011010011011001011110011011111111101100111010011010011111001000011110010001110110101000001100010011010001101010010011110101110011101101011110000001110101001111001111101010101000110101010110010010101100100000110000000010011001011101100101101010110111110010111
111110110001111111000111101100101111010110111000110001011101011100100110001111011101101001100100000000111100000110011010011011001011110011011111111101100111010011010011111001000011110010001110110101000001100010011010001101010010011110101110011101101011110000001110101001111001111101010101000110101010110010010101100100000110000000010011001011101100101101010110111110010111
111110110001111111000111101100101111010110111000110001011101011100100110001111011101101001100100000000111100000110011010011011001011110011011111111101100111010011010011111001000011110010001110110101000001100010011010001101010010011110101110011101101011110000001110101001111001111101010101000110101010110010010101100100000110000000010011001011101100101101010110111110010111
111110110001111111000111101100101111010110111000110001011101011100100110001111011101101001100100000000111100000110011010011011001011110011011111111101100111010011010011111001000011110010001110110101000001100010011010001101010010011110101110011101101011110000001110101001111001111101010101000110101010110010010101100100000110000000010011001011101100101101010110111110010111
111110110001111111000111101100101111010110111000110001011101011100100110001111011101101001100100000000111100000110011010011011001011110011011111111101100111010011010011111001000011110010001110110101000001100010011010001101010010011110101110011101101011110000001110101001111001111101010101000110101010110010010101100100000110000000010011001011101100101101010110111110010111
000100110000100111000111101000101111010110111000110001011100000100100110001111011101111001100001010110001000000110011010011011000011110010100101111101100111010011010011011001110100100010001000110101000001100000011010001101010011000000001110011100000011110000000110101100101001111001010101000110101010111000010100111000000110000000010011001011101100101101010110111110010111
111110110001111111000111111000101111010110111000110001011101011100100110000100001001101001100100000100111100000110010010011010001011110011110101010101100111010011010011011001000011110010001110110101100001100010011011001101111000011110101110011101101011110000001110101001111001111101010101000110101010110010010101100100000110000000010011001011101100101101010110111110010111
111110110001111111000111101100101111000110111000110001011101011100100110001111011101101001100100000000111100000110011010011011001011110010001111111101100111010011010011111001000011110000001110110101000000001000011010001101010010011110101110011101101011110000001110101001111001111101010101000110101000110010010101100100000110000000010011001011101100101101010110111110010111
111110110001111111000111101100101111010110111000110001011101011100100110001111011101101001100100000000111100000110011010011011001011110011011111111101100111000100010011100010000011110010001110110101000001100010010010001101010010011110101110011101101011110000001110101001111001111101010101000110101010110010010101100100000110000000010011001011101100101101010110100110010111
111110110001111111000111101100101111010110111000110001011101011100100110001111011101101001100100000000111100000110011010011011001011110011011111111101100111010011010011111001000011110010001110110101000001100010011010001101010010011110101110011101101011110000001110001001111001111101010101000110101010110010010101100100000110000000010011001011101100101101010110111110010111
111110110001111111000111101100101111010110111000110001011101011100100110001111011101101001100100000000111100000110011010011011001011110011011111111101100111010011010011111001000011110010001110110101000001100010011010001101010010011110101110011101101011110000001110101001111001111101010101000110101010110010010101100100000110000000010011001011101100101101010110111110010111
111110110001111111000111101100101111010110111000110001011101011100100110001111011101101001100100000000111100000110011010011011001011110011011111111101100111010011010011111001000011110010001110110101000001100010011010001101010010011110101110011101101011110000001110101001111001111101010101000110101010110010010101100100000110000000010011001011101100101101010110111110010111
111110110001111111000111101100101111010110111000110001011101011100100110001111011101101001100100000000111100000110011010011011001011110011011111111101100111010011010011111001000011110010001110110101000001100010011010001101010010011110101110011101101011110000001110101001111001111101010101000110101010110010010101100100000110000000010011001011101100101101010110111110010111
111110110001111111000111101100101111010110111000110001011101011100100110001111011101101001100100000000111100000110011010011011001011110011011111111101100111010011010011111001000011110010001110110101000001100010011010001101010010011110101110011101101011110000001110101001111001111101010101000110101010110010010101100100000110000000010011001011101100101101010110111110010111
111110110001111111000111101100101111010110111000110001011101011100100110001111011101101001100100000000111100000110011010011011001011110011011111111101100111010011010011111001000011110010001110110101000001100010011010001101010010011110101110011101101011110000001110101001111001111101010101000110101010110010010101100100000110000000010011001011101100101101010110111110010111
111110110001111111000111101100101111010110111000110001011101011100100110001111011101101001100100000000111100000110011010011011001011110011011111111101100111010011010011111001000011110010001110110101000001100010011010001101010010011110101110011101101011110000001110101001111001111101010101000110101010110010010101100100000110000000010011001011101100101101010110111110010111
111110110001111111000111101100101111010110111000110001011101011100100110001111011101101001100100000000111100000110011010011011001011110011011111111101100111010011010011111001000011110010001110110101000001100010011010001101010010011110101110011101101011110000001110101001111001111101010101000110101010110010010101100100000110000000010011001011101100101101010110111110010111
111110110001111111000111101100101111010110111000110001011101011100100110001111011101101001100100000000111100000110011010011011001011110011011111111101100111010011010011111001000011110010001110110101000001100010011010001101010010011110101110011101101011110000001110101001111001111101010101000110101010110010010101100100000110000000010011001011101100101101010110111110010111
111110110001111111000111101100101111010110111000110001011101011100100110001111011101101001100100000000111100000110011010011011001011110011011111111101100111010011010011111001000011110010001110110101000001100010011010001101010010011110101110011101101011110000001110101001111001111101010101000110101010110010010101100100000110000000010011001011101100101101010110111110010111
111110110001111111000111101100101111010110111000110001011101011100100110001111011101101001100100000000111100000110011010011011001011110011011111111101100111010011010011111001000011110010001110110101000001100010011010001101010010011110101110011101101011110000001110101001111001111101010101000110101010110010010101100100000110000000010011001011101100101101010110111110010111
111110110001111111000111101100101111010110111000110001011101011100100110001111011101101001100100000000111100000110011010011011001011110011011111111101100111010011010011111001000011110010001110110101000001100010011010001101010010011110101110011101101011110000001110101001111001111101010101000110101010110010010101100100000110000000010011001011101100101101010110111110010111
000100110000100111000111101000101111010110111000110001011100000100100110001111011101111001100001010110001000000110011010011011000011110010100101111101100111010011010011011001110100100010001000110101000001100000011010001101010011000000001110011100000011110000000110101100101001111001010101000110101010111000010100111000000110000000010011001011101100101101010110111110010111
111110110001111111000111111000101111010110111000110001011101011100100110000100001001101001100100000100111100000110010010011010001011110011110101010101100111010011010011011001000011110010001110110101100001100010011011001101111000011110101110011101101011110000001110101001111001111101010101000110101010110010010101100100000110000000010011001011101100101101010110111110010111
111110110001111111000111101100101111000110111000110001011101011100100110001111011101101001100100000000111100000110011010011011001011110010001111111101100111010011010011111001000011110000001110110101000000001000011010001101010010011110101110011101101011110000001110101001111001111101010101000110101000110010010101100100000110000000010011001011101100101101010110111110010111
111110110001111111000111101100101111010110111000110001011101011100100110001111011101101001100100000000111100000110011010011011001011110011011111111101100111000100010011100010000011110010001110110101000001100010010010001101010010011110101110011101101011110000001110101001111001111101010101000110101010110010010101100100000110000000010011001011101100101101010110100110010111
111110110001111111000111101100101111010110111000110001011101011100100110001111011101101001100100000000111100000110011010011011001011110011011111111101100111010011010011111001000011110010001110110101000001100010011010001101010010011110101110011101101011110000001110001001111001111101010101000110101010110010010101100100000110000000010011001011101100101101010110111110010111
111110110001111111000111101100101111010110111000110001011101011100100110001111011101101001100100000000111100000110011010011011001011110011011111111101100111010011010011111001000011110010001110110101000001100010011010001101010010011110101110011101101011110000001110101001111001111101010101000110101010110010010101100100000110000000010011001011101100101101010110111110010111
111110110001111111000111101100101111010110111000110001011101011100100110001111011101101001100100000000111100000110011010011011001011110011011111111101100111010011010011111001000011110010001110110101000001100010011010001101010010011110101110011101101011110000001110101001111001111101010101000110101010110010010101100100000110000000010011001011101100101101010110111110010111
111110110001111111000111101100101111010110111000110001011101011100100110001111011101101001100100000000111100000110011010011011001011110011011111111101100111010011010011111001000011110010001110110101000001100010011010001101010010011110101110011101101011110000001110101001111001111101010101000110101010110010010101100100000110000000010011001011101100101101010110111110010111
111110110001111111000111101100101111010110111000110001011101011100100110001111011101101001100100000000111100000110011010011011001011110011011111111101100111010011010011111001000011110010001110110101000001100010011010001101010010011110101110011101101011110000001110101001111001111101010101000110101010110010010101100100000110000000010011001011101100101101010110111110010111
111110110001111111000111101100101111010110111000110001011101011100100110001111011101101001100100000000111100000110011010011011001011110011011111111101100111010011010011111001000011110010001110110101000001100010011010001101010010011110101110011101101011110000001110101001111001111101010101000110101010110010010101100100000110000000010011001011101100101101010110111110010111
111110110001111111000111101100101111010110111000110001011101011100100110001111011101101001100100000000111100000110011010011011001011110011011111111101100111010011010011111001000011110010001110110101000001100010011010001101010010011110101110011101101011110000001110101001111001111101010101000110101010110010010101100100000110000000010011001011101100101101010110111110010111
111110110001111111000111101100101111010110111000110001011101011100100110001111011101101001100100000000111100000110011010011011001011110011011111111101100111010011010011111001000011110010001110110101000001100010011010001101010010011110101110011101101011110000001110101001111001111101010101000110101010110010010101100100000110000000010011001011101100101101010110111110010111
111110110001111111000111101100101111010110111000110001011101011100100110001111011101101001100100000000111100000110011010011011001011110011011111111101100111010011010011111001000011110010001110110101000001100010011010001101010010011110101110011101101011110000001110101001111001111101010101000110101010110010010101100100000110000000010011001011101100101101010110111110010111
111110110001111111000111101100101111010110111000110001011101011100100110001111011101101001100100000000111100000110011010011011001011110011011111111101100111010011010011111001000011110010001110110101000001100010011010001101010010011110101110011101101011110000001110101001111001111101010101000110101010110010010101100100000110000000010011001011101100101101010110111110010111
111110110001111111000111101100101111010110111000110001011101011100100110001111011101101001100100000000111100000110011010011011001011110011011111111101100111010011010011111001000011110010001110110101000001100010011010001101010010011110101110011101101011110000001110101001111001111101010101000110101010110010010101100100000110000000010011001011101100101101010110111110010111
111110110001111111000111101100101111010110111000110001011101011100100110001111011101101001100100000000111100000110011010011011001011110011011111111101100111010011010011111001000011110010001110110101000001100010011010001101010010011110101110011101101011110000001110101001111001111101010101000110101010110010010101100100000110000000010011001011101100101101010110111110010111
000100110000100111000111101000101111010110111000110001011100000100100110001111011101111001100001010110001000000110011010011011000011110010100101111101100111010011010011011001110100100010001000110101000001100000011010001101010011000000001110011100000011110000000110101100101001111001010101000110101010111000010100111000000110000000010011001011101100101101010110111110010111
111110110001111111000111111000101111010110111000110001011101011100100110000100001001101001100100000100111100000110010010011010001011110011110101010101100111010011010011011001000011110010001110110101100001100010011011001101111000011110101110011101101011110000001110101001111001111101010101000110101010110010010101100100000110000000010011001011101100101101010110111110010111
111110110001111111000111101100101111000110111000110001011101011100100110001111011101101001100100000000111100000110011010011011001011110010001111111101100111010011010011111001000011110000001110110101000000001000011010001101010010011110101110011101101011110000001110101001111001111101010101000110101000110010010101100100000110000000010011001011101100101101010110111110010111
111110110001111111000111101100101111010110111000110001011101011100100110001111011101101001100100000000111100000110011010011011001011110011011111111101100111000100010011100010000011110010001110110101000001100010010010001101010010011110101110011101101011110000001110101001111001111101010101000110101010110010010101100100000110000000010011001011101100101101010110100110010111
111110110001111111000111101100101111010110111000110001011101011100100110001111011101101001100100000000111100000110011010011011001011110011011111111101100111010011010011111001000011110010001110110101000001100010011010001101010010011110101110011101101011110000001110001001111001111101010101000110101010110010010101100100000110000000010011001011101100101101010110111110010111
111110110001111111000111101100101111010110111000110001011101011100100110001111011101101001100100000000111100000110011010011011001011110011011111111101100111010011010011111001000011110010001110110101000001100010011010001101010010011110101110011101101011110000001110101001111001111101010101000110101010110010010101100100000110000000010011001011101100101101010110111110010111
111110110001111111000111101100101111010110111000110001011101011100100110001111011101101001100100000000111100000110011010011011001011110011011111111101100111010011010011111001000011110010001110110101000001100010011010001101010010011110101110011101101011110000001110101001111001111101010101000110101010110010010101100100000110000000010011001011101100101101010110111110010111
111110110001111111000111101100101111010110111000110001011101011100100110001111011101101001100100000000111100000110011010011011001011110011011111111101100111010011010011111001000011110010001110110101000001100010011010001101010010011110101110011101101011110000001110101001111001111101010101000110101010110010010101100100000110000000010011001011101100101101010110111110010111
111110110001111111000111101100101111010110111000110001011101011100100110001111011101101001100100000000111100000110011010011011001011110011011111111101100111010011010011111001000011110010001110110101000001100010011010001101010010011110101110011101101011110000001110101001111001111101010101000110101010110010010101100100000110000000010011001011101100101101010110111110010111
111110110001111111000111101100101111010110111000110001011101011100100110001111011101101001100100000000111100000110011010011011001011110011011111111101100111010011010011111001000011110010001110110101000001100010011010001101010010011110101110011101101011110000001110101001111001111101010101000110101010110010010101100100000110000000010011001011101100101101010110111110010111
111110110001111111000111101100101111010110111000110001011101011100100110001111011101101001100100000000111100000110011010011011001011110011011111111101100111010011010011111001000011110010001110110101000001100010011010001101010010011110101110011101101011110000001110101001111001111101010101000110101010110010010101100100000110000000010011001011101100101101010110111110010111
111110110001111111000111101100101111010110111000110001011101011100100110001111011101101001100100000000111100000110011010011011001011110011011111111101100111010011010011111001000011110010001110110101000001100010011010001101010010011110101110011101101011110000001110101001111001111101010101000110101010110010010101100100000110000000010011001011101100101101010110111110010111
111110110001111111000111101100101111010110111000110001011101011100100110001111011101101001100100000000111100000110011010011011001011110011011111111101100111010011010011111001000011110010001110110101000001100010011010001101010010011110101110011101101011110000001110101001111001111101010101000110101010110010010101100100000110000000010011001011101100101101010110111110010111
111110110001111111000111101100101111010110111000110001011101011100100110001111011101101001100100000000111100000110011010011011001011110011011111111101100111010011010011111001000011110010001110110101000001100010011010001101010010011110101110011101101011110000001110101001111001111101010101000110101010110010010101100100000110000000010011001011101100101101010110111110010111
111110110001111111000111101100101111010110111000110001011101011100100110001111011101101001100100000000111100000110011010011011001011110011011111111101100111010011010011111001000011110010001110110101000001100010011010001101010010011110101110011101101011110000001110101001111001111101010101000110101010110010010101100100000110000000010011001011101100101101010110111110010111
111110110001111111000111101100101111010110111000110001011101011100100110001111011101101001100100000000111100000110011010011011001011110011011111111101100111010011010011111001000011110010001110110101000001100010011010001101010010011110101110011101101011110000001110101001111001111101010101000110101010110010010101100100000110000000010011001011101100101101010110111110010111
11000001110011110111110100010000011010101011011110101000011110001111011010101101000110000100110101101110000001100100111001010000101
10000010000011110110100100010000010111110101011110101000011110001101011011111101000110000100110101101110111001111001111001110000101
10010001110011110111110100010000011010101011011110101000011110001111001011110111000110000100000101101100010001111001111001010000101
10010001110011110111110100010000011010101011011110101000011110001111011011101100000110000100110101101110011001111001111001010000101
10010001110011110111110100010000011010101011011110101000011110001111011011110111000110000100110101101110111001111001111001010000101
10010001110011110111110100010000011010101011011110101000011110001111011011110111000110000100110101101110111001111001111001010000101
10010001110011110111110100010000011010101011011110101000011110001111011011110111000110000100110101101110111001111001111001010000101
10010001110011110111110100010000011010101011011110101000011110001111011011110111000110000100110101101110111001111001111001010000101
10010001110011110111110100010000011010101011011110101000011110001111011011110111000110000100110101101110111001111001111001010000101
10010001110011110111110100010000011010101011011110101000011110001111011011110111000110000100110101101110111001111001111001010000101
10010001110011110111110100010000011010101011011110101000011110001111011011110111000110000100110101101110111001111001111001010000101
10010001110011110111110100010000011010101011011110101000011110001111011011110111000110000100110101101110111001111001111001010000101
10010001110011110111110100010000011010101011011110101000011110001111011011110111000110000100110101101110111001111001111001010000101
10010001110011110111110100010000011010101011011110101000011110001111011011110111000110000100110101101110111001111001111001010000101
10010001110011110111110100010000011010101011011110101000011110001111011011110111000110000100110101101110111001111001111001010000101
10010001110011110111110100010000011010101011011110101000011110001111011011110111000110000100110101101110111001111001111001010000101
11000001110011110111110100010000011010101011011110101000011110001111011010101101000110000100110101101110000001100100111001010000101
10000010000011110110100100010000010111110101011110101000011110001101011011111101000110000100110101101110111001111001111001110000101
10010001110011110111110100010000011010101011011110101000011110001111001011110111000110000100000101101100010001111001111001010000101
10010001110011110111110100010000011010101011011110101000011110001111011011101100000110000100110101101110011001111001111001010000101
10010001110011110111110100010000011010101011011110101000011110001111011011110111000110000100110101101110111001111001111001010000101
10010001110011110111110100010000011010101011011110101000011110001111011011110111000110000100110101101110111001111001111001010000101
10010001110011110111110100010000011010101011011110101000011110001111011011110111000110000100110101101110111001111001111001010000101
10010001110011110111110100010000011010101011011110101000011110001111011011110111000110000100110101101110111001111001111001010000101
10010001110011110111110100010000011010101011011110101000011110001111011011110111000110000100110101101110111001111001111001010000101
10010001110011110111110100010000011010101011011110101000011110001111011011110111000110000100110101101110111001111001111001010000101
10010001110011110111110100010000011010101011011110101000011110001111011011110111000110000100110101101110111001111001111001010000101
10010001110011110111110100010000011010101011011110101000011110001111011011110111000110000100110101101110111001111001111001010000101
10010001110011110111110100010000011010101011011110101000011110001111011011110111000110000100110101101110111001111001111001010000101
10010001110011110111110100010000011010101011011110101000011110001111011011110111000110000100110101101110111001111001111001010000101
10010001110011110111110100010000011010101011011110101000011110001111011011110111000110000100110101101110111001111001111001010000101
10010001110011110111110100010000011010101011011110101000011110001111011011110111000110000100110101101110111001111001111001010000101
11000001110011110111110100010000011010101011011110101000011110001111011010101101000110000100110101101110000001100100111001010000101
10000010000011110110100100010000010111110101011110101000011110001101011011111101000110000100110101101110111001111001111001110000101
10010001110011110111110100010000011010101011011110101000011110001111001011110111000110000100000101101100010001111001111001010000101
10010001110011110111110100010000011010101011011110101000011110001111011011101100000110000100110101101110011001111001111001010000101
10010001110011110111110100010000011010101011011110101000011110001111011011110111000110000100110101101110111001111001111001010000101
10010001110011110111110100010000011010101011011110101000011110001111011011110111000110000100110101101110111001111001111001010000101
10010001110011110111110100010000011010101011011110101000011110001111011011110111000110000100110101101110111001111001111001010000101
10010001110011110111110100010000011010101011011110101000011110001111011011110111000110000100110101101110111001111001111001010000101
10010001110011110111110100010000011010101011011110101000011110001111011011110111000110000100110101101110111001111001111001010000101
10010001110011110111110100010000011010101011011110101000011110001111011011110111000110000100110101101110111001111001111001010000101
10010001110011110111110100010000011010101011011110101000011110001111011011110111000110000100110101101110111001111001111001010000101
10010001110011110111110100010000011010101011011110101000011110001111011011110111000110000100110101101110111001111001111001010000101
10010001110011110111110100010000011010101011011110101000011110001111011011110111000110000100110101101110111001111001111001010000101
10010001110011110111110100010000011010101011011110101000011110001111011011110111000110000100110101101110111001111001111001010000101
10010001110011110111110100010000011010101011011110101000011110001111011011110111000110000100110101101110111001111001111001010000101
10010001110011110111110100010000011010101011011110101000011110001111011011110111000110000100110101101110111001111001111001010000101
10011110111000000001010100100000011010001011010010101000000110001110110111110111000110101010001110001110011001111110110001010000100
10010000110011110010010100011010100100011110101110101000011100101001110001110001000110000000110101100000010010001001111100010000101
11100010110010010111110100010000100010101101110110101000011110001001111011110111000110000100110101101110111001110001110011001100001
10010001110011110111110100010100010010101011101000101000011110001111011010011010000110000100110101101010111001111001111010000000111
10010001110011110111110100010000011110101011011110101000011110000001011011110111000110000100110101101110111011111011001100000000101
10010010110011111101000100010000011010101011011110101000011110001111101011100111000110001100110101101110111001111001111000010000101
10010001110011110111110100010000011010101011011110101000011110001111011011110111000110000100111000101110111001111001111001010001110
10010001110011110111110100010000011010101011011110101000011000001111011011110111000110000100110101101110111001111001111000010000100
10010001110011110111110100010000011010101011011110101000011110001111011011110111000110000100110101101110111001111001111001010000101
10010001110011110111110100010000011010101011011110101000011110001111011011110111000110000100110101101110111001111001111001010000101
10010001110011110111110100010000011010101011011110101000011110001111011011110111000110000100110101101110111001111001111001010000101
10010001110011110111110100010000011010101011011110101000011110001111011011110111000110000100110101101110111001111001111001010000101
10010001110011110111110100010000011010101011011110101000011110001111011011110111000110000100110101101110111001111001111001010000101
10010001110011110111110100010000011010101011011110101000011110001111011011110111000110000100110101101110111001111001111001010000101
10010001110011110111110100010000011010101011011110101000011110001111011011110111000110000100110101101110111001111001111001010000101
10111110110101011110100000000000011010101011001001001000000011010110100000000011000110000001100101101001100001001100010001011010001
10010000010011110110000100010000011010000101011000000000011110001010000001000010000001011111100101001110101100111000100111100000100
10010111011101011100010100010000011111000000011111001001011110001111000001000011000110000100110101101110001001111001011001011000101
10010010100110101100110100010000011011101011011110100001100110001000101011110111101110000100110100101110111001110001111001010000101
10010011000101010111110100001010101010101011100010101000011110001111011011100111000110000000110101101110011001111001111001010000101
10010001110011110111110100010101011111101011011011001000011110001111011011110111000110000100101001101100111001111000101101011000101
10010001110011110111110100010000011001010011010110101000011110001111011011110111000110000100110101101110111001111001111001010000101
10010001110011110111110100010000011010101011011110101000011110001111011011110111000110000100110101101110111001111001111001010000101
10010001110011110111110100010000011010101011011110101000011110001111011011110111000110000100110101101110111001111001111001010000101
10010001110011110111110100010000011010101011011110101000011110001111011011110111000110000100110101101110111001111001111001010000101
10010001110011110111110100010000011010101011011110101000011110001111011011110111000110000100110101101110111001111001111001010000101
10010001110011110111110100010000011010101011011110101000011110001111011011110111000110000100110101101110111001111001111001010000101
10010001110011110111110100010000011010101011011110101000011110001111011011110111000110000100110101101110111001111001111001010000101
10010001110011110111110100010000011010101011011110101000011110001111011011110111000110000100110101101110111001111001111001010000101
10010001110011110111110100010000011010101011011110101000011110001111011011110111000110000100110101101110111001111001111001010000101
10010001110011110111110100010000011010101011011110101000011110001111011011110111000110000100110101101110111001111001111001010000101
10010001100011101111110001000110011000101111011010010000001110001111101011110111000110010100110101101110110110101100111001100000001
000100000101110011110111100010011101001010000001000100100000000100100000001110001011000110111011000101010111000001100100000001001001000101000110
011100000110111111100111100110010001010100111111101100001011100100001000001111100010101111111110100101010101011100100111110110101001000101001110
011100000100100010101101111000111100010101101011101000000001101011100000001110000110110001111110100110110101000111001101110110101010001111100101
011100000101011100101111000010010000000001000000000110011110000100111000001010001000101111011110100001010101010100100111100110100001101111100111
011100000111100010100100011101011100010001101011101100001011001110011000001110001000001111111110100001011101000001100011110110101001101111100100
011100000111001001110001001010000110100101101011100000001011000100011000001110001000110010011111000101010101000001100011110110101001101111100111
011100000111111111110001001010011100111001101110101100001011000100111000001110001000101111111110100101010101000001100111110110101001100101000110
011100000111111101000001001010011100010101101011101100001011000100111000001110001000101111111110100101010101000001100111110110101001101111100110
011100000111111111110001001010011100010101000001000100001011000100111000001110001000101111111110100101010101000001100111110110101001101111100110
011100000111111111110001001010011100010101101011101100001011000100111000001110001000101111111110100101010101000001100111110110101001101111100110
011100000111111111110001001010011100010101101011101100001011000100111000001110001000101111111110100101010101000001100111110110101001101111100110
011100000111111111110001001010011100010101101011101100001011000100111000001110001000101111111110100101010101000001100111110110101001101111100110
011100000111111111110001001010011100010101101011101100001011000100111000001110001000101111111110100101010101000001100111110110101001101111100110
011100000111111111110001001010011100010101101011101100001011000100111000001110001000101111111110100101010101000001100111110110101001101111100110
011100000111111111110001001010011100010101101011101100001011000100111000001110001000101111111110100101010101000001100111110110101001101111100110
011100000111111111110001001010011100010101101011101100001011000100111000001110001000101111111110100101010101000001100111110110101001101111100110
011100000111111111110001001010011100010101101011101100001011000100111000001110001000101111111110100101010101000001100111110110101001101111100110
011100000110111111100111100110010001010100111111101100001011100100001000001111100010101111111110100101010101011100100111110110101001000101001110
011100000100100010101101111000111100010101101011101000000001101011100000001110000110110001111110100110110101000111001101110110101010001111100101
011100000101011100101111000010010000000001000000000110011110000100111000001010001000101111011110100001010101010100100111100110100001101111100111
011100000111100010100100011101011100010001101011101100001011001110011000001110001000001111111110100001011101000001100011110110101001101111100100
011100000111001001110001001010000110100101101011100000001011000100011000001110001000110010011111000101010101000001100011110110101001101111100111
011100000111111111110001001010011100111001101110101100001011000100111000001110001000101111111110100101010101000001100111110110101001100101000110
011100000111111101000001001010011100010101101011101100001011000100111000001110001000101111111110100101010101000001100111110110101001101111100110
011100000111111111110001001010011100010101000001000100001011000100111000001110001000101111111110100101010101000001100111110110101001101111100110
011100000111111111110001001010011100010101101011101100001011000100111000001110001000101111111110100101010101000001100111110110101001101111100110
011100000111111111110001001010011100010101101011101100001011000100111000001110001000101111111110100101010101000001100111110110101001101111100110
011100000111111111110001001010011100010101101011101100001011000100111000001110001000101111111110100101010101000001100111110110101001101111100110
011100000111111111110001001010011100010101101011101100001011000100111000001110001000101111111110100101010101000001100111110110101001101111100110
011100000111111111110001001010011100010101101011101100001011000100111000001110001000101111111110100101010101000001100111110110101001101111100110
011100000111111111110001001010011100010101101011101100001011000100111000001110001000101111111110100101010101000001100111110110101001101111100110
011100000111111111110001001010011100010101101011101100001011000100111000001110001000101111111110100101010101000001100111110110101001101111100110
011100000111111111110001001010011100010101101011101100001011000100111000001110001000101111111110100101010101000001100111110110101001101111100110
011100000110111111100111100110010001010100111111101100001011100100001000001111100010101111111110100101010101011100100111110110101001000101001110
011100000100100010101101111000111100010101101011101000000001101011100000001110000110110001111110100110110101000111001101110110101010001111100101
011100000101011100101111000010010000000001000000000110011110000100111000001010001000101111011110100001010101010100100111100110100001101111100111
011100000111100010100100011101011100010001101011101100001011001110011000001110001000001111111110100001011101000001100011110110101001101111100100
011100000111001001110001001010000110100101101011100000001011000100011000001110001000110010011111000101010101000001100011110110101001101111100111
011100000111111111110001001010011100111001101110101100001011000100111000001110001000101111111110100101010101000001100111110110101001100101000110
011100000111111101000001001010011100010101101011101100001011000100111000001110001000101111111110100101010101000001100111110110101001101111100110
011100000111111111110001001010011100010101000001000100001011000100111000001110001000101111111110100101010101000001100111110110101001101111100110
011100000111111111110001001010011100010101101011101100001011000100111000001110001000101111111110100101010101000001100111110110101001101111100110
011100000111111111110001001010011100010101101011101100001011000100111000001110001000101111111110100101010101000001100111110110101001101111100110
011100000111111111110001001010011100010101101011101100001011000100111000001110001000101111111110100101010101000001100111110110101001101111100110
011100000111111111110001001010011100010101101011101100001011000100111000001110001000101111111110100101010101000001100111110110101001101111100110
011100000111111111110001001010011100010101101011101100001011000100111000001110001000101111111110100101010101000001100111110110101001101111100110
011100000111111111110001001010011100010101101011101100001011000100111000001110001000101111111110100101010101000001100111110110101001101111100110
011100000111111111110001001010011100010101101011101100001011000100111000001110001000101111111110100101010101000001100111110110101001101111100110
011100000111111111110001001010011100010101101011101100001011000100111000001110001000101111111110100101010101000001100111110110101001101111100110
011100000110111111100111100110010001010100111111101100001011100100001000001111100010101111111110100101010101011100100111110110101001000101001110
011100000100100010101101111000111100010101101011101000000001101011100000001110000110110001111110100110110101000111001101110110101010001111100101
011100000101011100101111000010010000000001000000000110011110000100111000001010001000101111011110100001010101010100100111100110100001101111100111
011100000111100010100100011101011100010001101011101100001011001110011000001110001000001111111110100001011101000001100011110110101001101111100100
011100000111001001110001001010000110100101101011100000001011000100011000001110001000110010011111000101010101000001100011110110101001101111100111
011100000111111111110001001010011100111001101110101100001011000100111000001110001000101111111110100101010101000001100111110110101001100101000110
011100000111111101000001001010011100010101101011101100001011000100111000001110001000101111111110100101010101000001100111110110101001101111100110
011100000111111111110001001010011100010101000001000100001011000100111000001110001000101111111110100101010101000001100111110110101001101111100110
011100000111111111110001001010011100010101101011101100001011000100111000001110001000101111111110100101010101000001100111110110101001101111100110
011100000111111111110001001010011100010101101011101100001011000100111000001110001000101111111110100101010101000001100111110110101001101111100110
011100000111111111110001001010011100010101101011101100001011000100111000001110001000101111111110100101010101000001100111110110101001101111100110
011100000111111111110001001010011100010101101011101100001011000100111000001110001000101111111110100101010101000001100111110110101001101111100110
011100000111111111110001001010011100010101101011101100001011000100111000001110001000101111111110100101010101000001100111110110101001101111100110
011100000111111111110001001010011100010101101011101100001011000100111000001110001000101111111110100101010101000001100111110110101001101111100110
011100000111111111110001001010011100010101101011101100001011000100111000001110001000101111111110100101010101000001100111110110101001101111100110
011100000111111111110001001010011100010101101011101100001011000100111000001110001000101111111110100101010101000001100111110110101001101111100110
011100000110111111100111100110010001010100111111101100001011100100001000001111100010101111111110100101010101011100100111110110101001000101001110
011100000100100010101101111000111100010101101011101000000001101011100000001110000110110001111110100110110101000111001101110110101010001111100101
011100000101011100101111000010010000000001000000000110011110000100111000001010001000101111011110100001010101010100100111100110100001101111100111
011100000111100010100100011101011100010001101011101100001011001110011000001110001000001111111110100001011101000001100011110110101001101111100100
011100000111001001110001001010000110100101101011100000001011000100011000001110001000110010011111000101010101000001100011110110101001101111100111
011100000111111111110001001010011100111001101110101100001011000100111000001110001000101111111110100101010101000001100111110110101001100101000110
011100000111111101000001001010011100010101101011101100001011000100111000001110001000101111111110100101010101000001100111110110101001101111100110
011100000111111111110001001010011100010101000001000100001011000100111000001110001000101111111110100101010101000001100111110110101001101111100110
011100000111111111110001001010011100010101101011101100001011000100111000001110001000101111111110100101010101000001100111110110101001101111100110
011100000111111111110001001010011100010101101011101100001011000100111000001110001000101111111110100101010101000001100111110110101001101111100110
011100000111111111110001001010011100010101101011101100001011000100111000001110001000101111111110100101010101000001100111110110101001101111100110
011100000111111111110001001010011100010101101011101100001011000100111000001110001000101111111110100101010101000001100111110110101001101111100110
011100000111111111110001001010011100010101101011101100001011000100111000001110001000101111111110100101010101000001100111110110101001101111100110
011100000111111111110001001010011100010101101011101100001011000100111000001110001000101111111110100101010101000001100111110110101001101111100110
011100000111111111110001001010011100010101101011101100001011000100111000001110001000101111111110100101010101000001100111110110101001101111100110
011100000111111111110001001010011100010101101011101100001011000100111000001110001000101111111110100101010101000001100111110110101001101111100110
011100000111110010010001001010010000010101101011101010110011001100111111010110001100101110010111110100000101000001100111011110100000010101100100
011100000111110100110001000110011110010001101010101100001011111001011000000100110000101111110100100111011111101010010111010100011100000011101110
011000000111111111100100010110011101000001101011101100001011000100111000001110001000011001010100010000000101000001111010011010110001101111100110
011000000111111101000101001010010000010101101011101100001011000100111000001110001000101111111110000101010000000001100111110110101001101001100110
011100000111111111100001001000101000010101101011101100001001101110110010110110000000101111011110100101010101000001100111110110101101100100111100
011100000111111111110001001010011100001001101011101100001011000100101000010110001000101110011110100101000000000001100111110110101001101111100110
011100001101111111110001001010011100000001101011101100001011000100101100001110001000101111111110100100010101000001100111110110101001101111100110
011100000111111111110000001010110000010101101011101100001011000100111000001110001000101111111110100001010101000001100111110110101001101111100110
011100000111111111110001001010011100010101101011101100001011000100111000001110001000101111111110100101010101000001100111110110101001101111100110
011100000111111111110001001010011100010101101011101100001011000100111000001110001000101111111110100101010101000001100111110110101001101111100101
011100000111111111110001001010011100010101101011101100001011000100111000001110001000101111111110100101010101000001100111110110101001101111100110
011100000111111111110001001010011100010101101011101100001011000100111000001110001000101111111110100101010101000001100111110110101001101111100110
011100000111111111110001001010011100010101101011101100001011000100111000001110001000101111111110100101010101000001100111110110101001101111100110
011100000111111111110001001010011100010101101011101100001011000100111000001110001000101111111110100101010101000001100111110110101001101111100110
011100000111111111110001001010011100010101101011101100001011000100111000001110001000101111111110100101010101000001100111110110101001101111100110
011100000111111111110001001010011100010101101011101100001011000100111000001110001000101111111110100101010101000001100111110110101001101111100110
011100000111110010010001001010010000010101101011101010110011001100111111010110001100101110010111110100000101000001100111011110100000010101100100
011100000111110100110001000110011110010001101010101100001011111001011000000100110000101111110100100111011111101010010111010100011100000011101110
011000000111111111100100010110011101000001101011101100001011000100111000001110001000011001010100010000000101000001111010011010110001101111100110
011000000111111101000101001010010000010101101011101100001011000100111000001110001000101111111110000101010000000001100111110110101001101001100110
011100000111111111100001001000101000010101101011101100001001101110110010110110000000101111011110100101010101000001100111110110101101100100111100
011100000111111111110001001010011100001001101011101100001011000100101000010110001000101110011110100101000000000001100111110110101001101111100110
011100001101111111110001001010011100000001101011101100001011000100101100001110001000101111111110100100010101000001100111110110101001101111100110
011100000111111111110000001010110000010101101011101100001011000100111000001110001000101111111110100001010101000001100111110110101001101111100110
011100000111111111110001001010011100010101101011101100001011000100111000001110001000101111111110100101010101000001100111110110101001101111100110
011100000111111111110001001010011100010101101011101100001011000100111000001110001000101111111110100101010101000001100111110110101001101111100101
011100000111111111110001001010011100010101101011101100001011000100111000001110001000101111111110100101010101000001100111110110101001101111100110
011100000111111111110001001010011100010101101011101100001011000100111000001110001000101111111110100101010101000001100111110110101001101111100110
011100000111111111110001001010011100010101101011101100001011000100111000001110001000101111111110100101010101000001100111110110101001101111100110
011100000111111111110001001010011100010101101011101100001011000100111000001110001000101111111110100101010101000001100111110110101001101111100110
011100000111111111110001001010011100010101101011101100001011000100111000001110001000101111111110100101010101000001100111110110101001101111100110
011100000111111111110001001010011100010101101011101100001011000100111000001110001000101111111110100101010101000001100111110110101001101111100110
011100000111110010010001001010010000010101101011101010110011001100111111010110001100101110010111110100000101000001100111011110100000010101100100
011100000111110100110001000110011110010001101010101100001011111001011000000100110000101111110100100111011111101010010111010100011100000011101110
011000000111111111100100010110011101000001101011101100001011000100111000001110001000011001010100010000000101000001111010011010110001101111100110
011000000111111101000101001010010000010101101011101100001011000100111000001110001000101111111110000101010000000001100111110110101001101001100110
011100000111111111100001001000101000010101101011101100001001101110110010110110000000101111011110100101010101000001100111110110101101100100111100
011100000111111111110001001010011100001001101011101100001011000100101000010110001000101110011110100101000000000001100111110110101001101111100110
011100001101111111110001001010011100000001101011101100001011000100101100001110001000101111111110100100010101000001100111110110101001101111100110
011100000111111111110000001010110000010101101011101100001011000100111000001110001000101111111110100001010101000001100111110110101001101111100110
011100000111111111110001001010011100010101101011101100001011000100111000001110001000101111111110100101010101000001100111110110101001101111100110
011100000111111111110001001010011100010101101011101100001011000100111000001110001000101111111110100101010101000001100111110110101001101111100101
011100000111111111110001001010011100010101101011101100001011000100111000001110001000101111111110100101010101000001100111110110101001101111100110
011100000111111111110001001010011100010101101011101100001011000100111000001110001000101111111110100101010101000001100111110110101001101111100110
011100000111111111110001001010011100010101101011101100001011000100111000001110001000101111111110100101010101000001100111110110101001101111100110
011100000111111111110001001010011100010101101011101100001011000100111000001110001000101111111110100101010101000001100111110110101001101111100110
011100000111111111110001001010011100010101101011101100001011000100111000001110001000101111111110100101010101000001100111110110101001101111100110
011100000111111111110001001010011100010101101011101100001011000100111000001110001000101111111110100101010101000001100111110110101001101111100110
100001011100101111111001010011100001000011001101001100010011001110111000001110001101110100000110100000000011000001000100011010101001000011101000
010101010001010000100101001010111100101110111010001100000110100100111010000101001000111001111101111110010101000001100111110100011100101001001001
011100000111111111100001001010010001101001101011101100000000000100010001011010001000100010010111110001010101000100110011100010101000001111100110
011100000100111101000001001010011100010101100011101100010011010000110000001110001000100111111100100101010101010100000111110100101001000101001000
011100000111111111110001001010011100010101101011000100001011000100001000001110001000101110011110100101010101001111001011110101000001101111100110
011100000111111111110001010010011000010101101011101100001001000100111000001110001000101111111010100101000101000001000111110110101001101111100111
011100001010111111110001001010011100010101101011101100001011000100001000001110001000101111111110100101010101000001100100110110101001101111100110
011100000111111111110001001010011000010101101011101100001001000100111000001110001000101111111111110001010101000001100001000010101001101111100110
011100000111110101110001001010011100010101101011101100001011000100111000001110001000101111111110100101010101000001100111110110101001101111100110
011100000111111111110001001010011100010101101011101100001011000100111000001110001000101111111110100101010101000001100111110110101001101111101100
011100000111111111110001001010011100010101101011101100001011000100111000001110001000101111111110100101010101000001100111110110101001101111100110
011100000111111111110001001010011100010101101011101100001011000100111000001110001000101111111110100101010101000001100111110110101001101111100110
011100000111111111110001001010011100010101101011101100001011000100111000001110001000101111111110100101010101000001100111110110101001101111100110
011100000111111111110001001010011100010101101011101100001011000100111000001110001000101111111110100101010101000001100111110110101001101111100110
011100000111111111110001001010011100010101101011101100001011000100111000001110001000101111111110100101010101000001100111110110101001101111100110
011100000111111111110001001010011100010101101011101100001011000100111000001110001000101111111110100101010101000001100111110110101001101111100110
011101101011111111110111001010011100010101100011110010110110000100111000000010001000101010110100001101010101111010100000011100101001101010101000
010100001101111111000001001000011100010101101000000110111011000100111000000000010010101100001011111101011001101011100001011010101000000110001001
011100000111111111110001001010011100010101001011101100000011000100010110110011010000000000111110100101010101000001100111110110011101101111100101
011100000111111111110001011010011100010101101011000100001011000100111000001110011100100011111110101000000011110001100111110110010011000111100011
011100000111111111110001100000011100010100111011101100001011000100111000001110000000101111111110100101010101100001011100101100000100101111101100
011100000111111111110001001010011100010110101011000001010011000100111000001100001100101010011110100101010101000001100111110110101001101111100110
011100000111111111110001001010011100010101101011101100001011000100111000001110001000110111111110100101010101000001100111110110101001101111100000
011100000111111111110001001010011100010101101011101100000001000100111000001110001000101111111110100101010101000001100111110110101001101111100110
011100000111111111110001001010011100010101101011101100001011000100111000001110001000101111111110100101010101000001100111110110101001101101100110
011100000111111111110001001010011100010101101011101100001011000100111000001110001000101111111110100101010101000001100111110110101001101111100110
011100000111111111110001001010011100010101101011101100001011000100111000001110001000101111111110100101010101000001100111110110101001101111100110
011100000111111111110001001010011100010101101011101100001011000100111000001110001000101111111110100101010101000001100111110110101001101111100110
011100000111111111110001001010011100010101101011101100001011000100111000001110001000101111111110100101010101000001100111110110101001101111100110
011100000111111111110001001010011100010101101011101100001011000100111000001110001000101111111110100101010101000001100111110110101001101111100110
011100000111111111110001001010011100010101101011101100001011000100111000001110001000101111111110100101010101000001100111110110101001101111100110
011100000111111111110001001010011100010101101011101100001011000100111000001110001000101111111110100101010101000001100111110110101001101111100110
000100000111111111101001010001001000010010101011101100100100000000111011001011100100101010111110100100000001000000100111110110101001101110100101
001100001101010111110001111010001111000100001000110100000011000100111000001110001000111001011110101101010001100001100111100110101100100111100000
000011111000101001010001001010011100010101111011101100110001000100111000001000011110001111111110100101110101000001100111110110101001101010100100
011100000101010101000001001010000100110101101011101100001001000100101000001110010011111010111110100101010100000011100110011000011111010011100110
011100000111111111010001001010011100000101101011101100001110000101010010011010001000101111111000100101010101000101100111110011111100000111100110
100010100111001111110001001010001100010101101011101100001011000100111000001110001001000011111010100101010101000001100110000110101001110010100100
011100000111110001000001001010011100010101001011101100001001101100111000001110001000101111111110100101010101000001100111110110101001011000110110
011100000111111111110001001010010100010101101011101000001011000100111000001110000000101111111110100101010101000001100111110110101001101111100110
011100000111111111110001001010011100010101101011101100001011000100111000001110001000101111111110100101010101000001100111110110101001101111100110
011100000111111111110001001010011100010101101011101100001011000100111000001110001000101111111110100101010101000001100111110110101001101111100110
011100000111111111110001001010011100010101101011101100001011000100111000001110001000101111111110100101010101000001100111110110101001101111100110
011100000111111111110001001010011100010101101011101100001011000100111000001110001000101111111110100101010101000001100111110110101001101111100110
011100000111111111110001001010011100010101101011101100001011000100111000001110001000101111111110100101010101000001100111110110101001101111100110
011100000111111111110001001010011100010101101011101100001011000100111000001110001000101111111110100101010101000001100111110110101001101111100110
011100000111111111110001001010011100010101101011101100001011000100111000001110001000101111111110100101010101000001100111110110101001101111100110
011100000111111111110001001010011100010101101011101100001011000100111000001110001000101111111110100101010101000001100111110110101001101111100110
